longitude=-98.66683959960938
latitude=29.549566573947946